Window01 (10) (10.50, -2.90, 1.38)
Floor (20) (11.08, 6.42, -0.15)
Glass (10.50, 3.47, 1.38)
Wall (79) (9.16, 1.60, -8.63)
Lamp.001 (-4.55, 2.60, 12.30)
Stool.002 (-3.77, 0.30, 12.86)
Wall (62) (12.16, -4.40, -0.12)
Wall (53) (4.50, -1.40, -7.88)
Stool.001 (-3.76, 0.30, 12.86)
Glass (7.50, 6.47, -10.14)
LightBulbWire.002 (-4.55, 2.31, 12.30)
Lamp.002 (-4.55, 2.60, 12.30)
Wall (64) (4.50, 1.60, 1.38)
Wall (89) (4.50, -1.40, 10.38)
Window01 (6) (7.50, 3.10, 1.38)
Wall (47) (4.50, 1.60, -1.63)
Floor (34) (10.50, 0.22, 0.00)
LightBulb.002 (-4.55, 2.30, 12.30)
Glass (7.50, -2.53, 1.38)
Window01 (11) (7.50, -2.90, 1.38)
Wall (59) (12.16, 4.60, -0.12)
Floor (47) (4.25, 9.42, -8.66)
Floor (36) (10.50, -5.78, 0.00)
Wall (43) (4.50, 4.60, -7.88)
Wall (58) (12.16, 1.60, -0.12)
Wall (72) (4.50, -4.40, 1.38)
Glass (10.50, -2.53, -1.63)
Wall (68) (1.50, -4.40, -1.63)
Floor (48) (7.50, 3.22, -8.51)
Window01 (14) (7.50, 6.10, -7.13)
Glass (7.50, 3.47, -1.63)
LightBulbWire (-4.55, 2.31, 12.30)
Floor (44) (5.08, 6.42, -0.15)
Floor (35) (7.50, 0.22, 0.00)
Stool (-3.76, 0.30, 12.86)
Wall (83) (6.13, 7.60, -8.76)
LightBulbWire.001 (-4.55, 2.31, 12.30)
Wall (42) (4.50, 1.60, -7.88)
Wall (76) (9.16, 4.60, -8.63)
ElevatorPanel01.002 (-3.40, 1.17, 11.28)
Window01 (5) (7.50, 3.10, -1.63)
Wall (71) (4.50, -1.40, -1.63)
Floor (37) (7.50, -5.78, 0.00)
Floor (50) (7.50, -2.78, -8.51)
Wall (55) (4.50, 7.60, -7.88)
Floor (49) (7.50, 3.22, -8.51)
Wall (82) (6.13, 4.60, -8.76)
ElevatorPanel01.001 (-3.40, 1.17, 11.28)
Wall (13) (-4.59, 1.60, 13.49)
Window01 (9) (7.50, -2.90, -1.63)
Wall (70) (4.50, -4.40, -1.63)
Glass (7.50, 0.47, -10.14)
Wall (77) (9.16, 7.60, -8.63)
Window01 (12) (10.50, -2.90, -1.63)
Wall (56) (6.16, 1.60, -0.12)
Wall (74) (1.50, -4.40, 1.38)
Window01 (8) (10.50, 3.10, 1.38)
Wall (80) (6.13, -1.40, -8.76)
Wall (81) (6.13, 1.60, -8.76)
Wall (86) (4.50, 1.60, 10.38)
Wall (48) (4.50, 4.60, -1.63)
Floor (30) (10.50, 0.22, 0.00)
Floor (33) (7.50, 0.22, 0.00)
Glass (7.50, -2.53, -1.63)
Glass (7.50, 0.47, -7.13)
Glass (10.50, 3.47, -1.63)
Wall (57) (6.16, 4.60, -0.12)
Glass (7.50, 6.47, -7.13)
Floor (51) (4.52, 6.42, 11.85)
Wall (87) (4.50, 4.60, 10.38)
Wall (78) (9.16, -1.40, -8.63)
Floor (46) (2.08, 6.42, -0.15)
ElevatorBars (-4.50, 2.86, 10.89)
Wall (61) (6.16, -1.40, -0.12)
Wall (65) (4.50, 4.60, 1.38)
Window01 (13) (7.50, 6.10, -10.14)
LightBulb.003 (-4.55, 2.30, 12.30)
Window01 (7) (10.50, 3.10, -1.63)
Floor (22) (8.08, 6.42, -0.15)
ElevatorDoor (-4.50, 3.49, 10.80)
Wall (60) (6.16, -4.40, -0.12)
Lamp (-4.55, 2.60, 12.30)
Glass (10.50, -2.53, 1.38)
LightBulb (-4.55, 2.30, 12.30)
Wall (73) (4.50, -1.40, 1.38)
Glass (7.50, 3.47, 1.38)
ElevatorPanel01 (-3.40, 1.17, 11.28)
Window01 (15) (7.50, 0.10, -7.13)
Window01 (16) (7.50, 0.10, -10.14)
Wall (63) (12.16, -1.40, -0.12)
